17
5
17
9
1
9
1
13
17
5
9
5
13
5
1
17
13
13
9
9
5
1
13
1
1
9
17
17
17
13
9
17
9
5
13
5
1
13
13
9
17
1
9
17
1
5
5
5
13
1
9
1
5
5
13
17
1
13
9
17
18
7
3
8
22
14
10
6
8
7
12
18
4
15
3
15
15
16
3
21
18
18
4
19
14
12
20
21
22
16
12
15
4
21
14
3
19
8
6
21
15
16
19
6
15
8
8
15
11
12
15
16
19
4
12
11
16
21
12
22
22
16
19
15
22
15
6
21
3
8
20
14
16
4
3
20
7
3
11
12
21
6
12
21
4
12
22
14
12
11
22
11
19
16
7
12
7
16
6
21
20
20
11
16
4
8
3
15
21
8
16
11
15
20
21
19
4
16
15
16
16
7
19
7
12
8
7
21
19
19
3
20
7
11
22
15
22
8
20
3
8
7
19
8
3
21
7
22
15
19
15
16
8
20
22
21
15
12
4
16
21
22
22
7
15
15
12
8
22
8
20
21
20
4
4
20
15
16
22
15
21
21
12
8
20
22
22
4
21
21
8
12
20
16
22
22
