1
1
9
17
2
10
6
6
11
7
15
8
8
21
10
18
14
19
7
15
4
12
12
20
21
2
2
10
18
7
15
20
8
8
16
22
18
3
11
19
19
15
15
15
4
20
8
16
2
10
10
6
7
4
4
8
16
16
21
22
6
14
10
2
18
14
11
20
22
3
7
14
15
20
8
14
19
3
20
16
19
18
11
18
6
8
16
2
6
4
11
19
19
4
12
21
4
20
21
22
12
12
16
22
4
3
19
4
16
15
12
20
20
14
7
12
22
3
16
8
14
6
14
20
12
21
14
19
4
20
6
12
14
11
4
16
20
6
6
6
19
15
16
21
3
18
18
3
15
6
4
11
11
22
7
7
22
7
8
21
6
14
15
4
3
4
3
11
19
4
20
21
15
12
7
7
14
12
8
7
11
21
14
22
19
8
21
14
3
16
3
15
11
21
21
22
11
19
20
19
21
22
12
12
16
22
22
19
8
11
16
3
8
3
4
22
19
4
11
11
21
21
12
20
16
19
12
19
7
16
12
12
19
16
7
7
12
4
15
21
7
4
15
20
22
16
21
12
4
16
22
8
16
21
16
21
