0
0
0
0
1
1
1
1
1
1
1
1
1
1
9
9
9
9
9
9
9
9
9
9
9
17
17
17
17
17
17
17
17
17
17
17
5
5
5
5
5
5
5
5
5
5
5
5
13
13
13
13
13
13
13
13
13
13
13
13
2
2
10
18
18
18
18
18
18
3
3
11
11
11
11
19
19
7
7
7
15
4
4
12
12
12
12
20
20
20
8
8
8
8
8
21
22
22
22
22
10
10
10
10
18
6
6
6
6
14
14
3
3
11
11
11
11
19
7
15
4
20
20
20
8
8
16
16
16
16
21
21
22
22
22
22
18
6
6
6
6
6
6
6
14
3
3
3
3
19
19
7
7
7
4
4
4
20
20
8
16
16
22
22
14
14
11
19
19
7
7
7
15
15
4
12
20
8
8
16
21
6
14
3
11
11
19
7
7
7
15
15
4
12
12
12
20
20
20
8
16
16
21
21
21
21
3
11
11
7
7
15
4
12
12
12
20
16
21
22
22
22
11
11
11
7
7
4
20
20
8
8
19
7
4
4
4
12
20
20
8
8
15
15
4
21
15
4
12
20
4
12
8
16
22
22
